2.106833798327633758e+03
4.668327099291568629e+03
1.483549642027559821e+04
1.817023669838355545e+03
1.439828318285615069e+03
8.170262235676775617e+02
9.012776355337108498e+02
6.580463606634805274e+02
3.178027085682302300e+02
1.981789330605884629e+02
2.322672586831475314e+02
1.918154913150477341e+03
8.023438781586072764e+03
4.363357056044438650e+03
6.350514689089918647e+02
2.306262300496465514e+02
3.530697401294148676e+02
2.804905397491807548e+02
1.391895361481993859e+03
2.741572512538298270e+02
2.693409079629860798e+02
2.299303598492504079e+02
8.254600439914959225e+02
5.706730886247003127e+02
2.552890045646200292e+02
1.126770456780574932e+03
3.105188287406222571e+03
4.265670657544080314e+03
2.076771052954332845e+03
4.233838081892660739e+03
2.214374210133195902e+03
1.193983095719880657e+04
4.154005499258536815e+01
2.692012751973051081e+02
7.453476150919227905e+01
2.070158898234740548e+02
2.312545275376606071e+02
2.729818608839985927e+02
2.061854284132409632e+01
2.638493981258848180e+02
1.061886468127811014e+02
7.755507637708943776e+02
1.459239349506950930e+03
3.258326805994965412e+02
1.735886886337183341e+03
2.692825860722588459e+03
4.838487003017096981e+02
6.764766509718992893e+03
7.044416157535131333e+02
2.761013058135431038e+03
2.629003398349482723e+03
3.185612073223129300e+03
5.661972420770192002e+03
1.755520940284400240e+03
1.677815589213997328e+03
1.449506688414254313e+03
1.036511814031825907e+03
2.617497941933234415e+03
1.594745243518721963e+03
1.133503660250446273e+03
1.284814110855829540e+03
1.306964825259697136e+03
1.346509715884963498e+03
1.189424194485650332e+03
4.639866735929982724e+02
9.566315370710137813e+02
4.328476639012802138e+02
6.132173994621383599e+02
6.395192123160049960e+02
6.094284237583800632e+02
4.028639348146444945e+02
4.202070040872367258e+02
5.116129544744384248e+02
5.080115376252294368e+02
8.186523903971674372e+02
7.407205026063742253e+02
5.844688591221178058e+02
5.913551524412965819e+02
4.806323219240557592e+02
7.962538844219114935e+02
5.594046941040106731e+02
4.649260981141580942e+02
4.492028886350813082e+02
7.683751803642309142e+02
6.682894177617572495e+02
6.002424873538204793e+02
1.192460062506806707e+03
4.962979979979099312e+02
7.883959891551536430e+02
7.428286628841967740e+02
4.263821339705496030e+02
1.881172461438878827e+02
4.183228930547341520e+02
1.669206453135583672e+02
1.917248026646740300e+02
3.434080242173193369e+02
2.689032453374459237e+02
1.701454594354790402e+02
1.759588865339386814e+02
2.158363902112781147e+02
2.022824777108598369e+02
1.724103794931760376e+02
3.500539308652501518e+02
2.211287025819817131e+02
1.658503460636435136e+02
2.561301058314866737e+02
2.187372365402521552e+02
2.145138704580500075e+02
3.427328003491032291e+02
2.371219212420467102e+02
2.001974840278507486e+02
2.324450265793414871e+02
3.918550518532492219e+02
1.624678789178706211e+02
3.621693394269158830e+02
2.425679066541569284e+02
1.767617858617151398e+02
1.369227700179141891e+02
1.712714722207846592e+02
2.760796211410753926e+02
4.257750371130754274e+02
2.405447742255790331e+02
2.220197082752563063e+02
2.658020945956643573e+02
2.295862380463219097e+02
2.744830452018941287e+02
2.329688505548239448e+02
2.925238751134253903e+02
1.815771819774019207e+02
2.385905094578459682e+02
2.178945412913538462e+02
1.481758017471448738e+02
2.376443328752604884e+02
2.791887582844565259e+02
2.832268322148897823e+02
2.450215496247770375e+02
3.588452029644977870e+02
2.226725397900854375e+02
1.967274583901046299e+02
1.724706172306221390e+02
1.914836080939095382e+02
2.416898630514357080e+02
2.650818093993516413e+02
3.280845685068546800e+02
2.542367898840919906e+02
1.709043530943089877e+02
3.721050034874151038e+02
9.338708008129972882e+01
1.795830235938235262e+02
1.208499803610814070e+02
6.349892758988917052e+01
1.345617933983406829e+02
6.724545065492696949e+01
6.941620347603965513e+01
8.213843960012980006e+01
1.096106869310525269e+02
1.355926978508556715e+02
6.430783026090141163e+01
1.284000429246494832e+02
6.669265949297813734e+01
6.650111300792769953e+01
6.532012131602773763e+01
1.060538547919788215e+02
1.393809335837006813e+02
1.206238322163934669e+02
6.889690865184019231e+01
1.054467748571806567e+02
