1.664269018998382421e+02
1.346616868068474275e+02
1.618925686927343008e+02
6.653680039635428045e+01
9.240020008458122902e+01
9.966944542845608623e+01
5.639226514024073822e+01
1.179939122335545107e+02
6.705144881367500886e+01
6.125783658267878451e+01
9.693469152803621114e+01
1.071605136335435162e+02
1.299009631224413965e+02
9.362200634000139132e+01
7.848802438713069307e+01
5.661804239531988259e+01
2.267894811771942187e+01
1.413481396690773124e+02
1.223067483191486815e+02
7.394414137649125962e+01
8.613765325155478081e+01
7.965150564041707071e+01
8.099230931455753080e+01
7.993761454732323557e+01
6.895907913772748543e+01
1.348793254195749967e+02
8.197934851098031572e+01
6.220313103117341313e+01
7.302550035619634627e+01
1.393310554181813359e+02
9.030779736314846673e+01
1.185032218051260315e+02
1.174022050684748137e+02
7.860592656258174316e+01
1.294440957936631378e+02
1.369838685452923812e+02
7.889091808886755075e+01
5.555848207907410341e+01
1.428100018853458550e+02
7.332246969727164299e+01
5.625600893917208367e+01
3.398007742403834982e+03
1.001490145471011783e+04
6.679627506711631213e+03
1.190676913642191579e+02
5.430612860176567835e+01
1.493903600062712655e+02
3.862881385968791648e+01
8.699012321068666154e+01
3.688825213869367303e+01
5.594733499510526542e+01
2.699792756286424478e+01
5.604351123247239030e+01
4.923135585472886788e+01
3.169991389247869847e+03
7.633201492253158904e+03
6.832976189552886353e+03
4.094729441110582229e+03
4.565806902431846538e+03
4.134040551092369242e+03
5.797949351686691443e+03
1.704487229459381524e+03
1.025274561541124058e+03
1.433262112923971472e+03
4.192123490389370090e+03
3.503721339260163859e+03
2.974532988120096888e+03
1.960218550333942403e+03
1.733002910890472094e+03
9.687600780684670099e+02
1.572343737152382573e+03
1.804048962619176564e+03
1.442006875396227770e+03
1.202318853295105555e+03
8.913583957756349037e+02
1.300350097443473260e+03
2.542750535260808647e+03
1.010646346707451130e+03
1.147903073386351480e+03
1.665164761743743156e+03
1.399175468838558118e+03
1.277242235685530204e+03
1.314987708683407618e+03
6.805351389187954737e+03
2.458132078515003286e+03
5.375933296489690747e+02
1.178535632581889786e+03
4.735109722768891061e+02
4.784419282502562396e+02
1.007858239103103301e+03
5.879321882072136987e+02
7.706480766794372812e+02
4.336386721836967695e+02
8.701934236314887130e+02
5.248539515411014236e+02
4.039019345112139376e+02
7.645730624120333232e+02
5.286537719746837638e+02
9.694703582971726519e+02
8.241511177141881035e+02
7.343511101723735237e+02
5.139524197424681233e+02
5.432606774974954078e+02
4.834457869942875163e+02
7.284152170492981213e+02
4.638951191589480914e+02
4.474474199626703808e+01
1.325724776637135164e+03
4.288049237972830952e+02
6.399486880485414986e+02
4.323406661302120710e+02
5.177193329934091253e+02
4.154731538560480999e+02
8.948768010148884287e+02
8.728111904854455361e+02
8.914197524765623939e+02
6.018456125416289524e+02
1.214996828685925756e+01
6.463511261370716738e+02
7.794678983762162261e+02
4.562839816821688714e+02
7.312511248576336698e+01
4.323871306546241158e+02
4.791797204043168108e+02
2.985662888935875117e+02
1.546327510263496663e+02
2.583635227158733301e+02
4.140994088300666931e+02
2.831565015364435567e+02
2.334010124923096896e+02
3.079755586108323655e+02
3.274360760953341014e+02
1.767692256816899317e+02
3.105410945976849462e+02
2.076666637519242045e+02
3.981037823414392847e+02
2.874183583562671060e+02
3.189763359209787836e+02
2.469961872168430261e+02
2.980884139603815015e+02
2.439720255640945368e+02
1.918123021089847668e+02
1.724399997823944659e+02
2.454301318315384606e+02
2.868948291022284138e+02
1.780196907802290127e+02
1.918286247372611228e+02
2.840267399931958039e+02
3.049187507425260151e+02
3.340592517741768006e+02
1.810582754828351142e+02
1.813131428811406636e+02
1.693592461396107183e+02
5.238631999676706528e+02
3.477550045915602368e+02
2.728964104920386262e+02
1.724448533121514515e+02
6.084048378413569480e+03
2.036392575546267153e+03
1.382352034436070880e+03
2.424691216782000083e+03
1.808440723242106060e+03
9.459653998837666222e+02
1.069399709278849059e+03
9.239754997082138743e+02
7.175512835143683787e+02
4.939706617366351225e+02
7.844271207322715327e+02
3.043290034353375404e+02
1.811461382238904889e+02
1.626126712603009707e+02
1.037444645603376330e+02
3.840862084052175192e+02
4.487310251445352378e+02
2.645892426491485594e+02
2.342282489571663007e+02
3.364167409416926375e+02
3.138111937606030324e+02
2.316315840329620812e+02
1.727378598275349191e+02
2.637995572785069953e+02
2.762955020902733736e+02
1.512060026899636966e+02
1.520802124262796724e+02
1.712351150285251720e+02
1.596298565271633265e+02
2.237574800503405754e+02
3.218740102149299105e+02
1.793248124755673416e+02
3.129415844602092989e+02
1.995264819988021543e+02
4.119424528790766260e+01
6.825587436287875107e+02
6.871361826355122560e+01
1.286368706133191324e+02
8.364496469744722162e+01
1.186998357949363196e+02
1.207086950767135534e+02
1.503879538217069296e+02
1.122519902357491901e+02
6.836355752034079103e+01
5.754683842192370946e+01
1.432739207903779288e+02
9.479334867816785959e+01
1.257968143834968373e+02
1.408023898112293750e+02
7.467193295652758422e+01
1.078548963489398318e+02
1.305267668436119664e+02
1.330143300483003088e+02
6.554451612466786514e+01
9.481311797896117355e+01
9.217835916997280776e+01
1.362817318207946755e+02
5.568444836965512934e+01
7.208153632189146265e+01
1.154252459659662691e+02
9.873528152248618994e+01
8.447898996444006059e+01
7.678059175652408896e+01
9.655514331506863357e+01
8.983688547680968384e+01
1.100451065829901580e+02
7.291381862285641091e+01
1.100554827746384632e+02
1.148212550723906986e+02
6.408593134995382457e+01
1.005493950053815411e+02
9.173199756971125396e+01
7.269190399953822634e+01
1.591200714990411313e+02
1.338378644874726433e+02
1.008076130562696164e+02
1.606240421836857024e+02
8.161032626400384515e+01
1.529007493264530808e+02
1.047796100144786635e+02
1.343974791740403987e+02
9.850372034309370406e+01
9.333976047715215429e+01
7.268676580909625784e+01
6.322368648076324860e+01
1.354237379512304358e+02
1.300514572359416263e+02
6.966741951852660009e+01
8.023201953206741166e+01
1.390658595777700839e+02
7.609446028523115046e+01
1.312102635277353784e+02
9.538414641515142023e+01
1.265460328826070509e+02
7.456019211626002630e+01
1.207924627278979841e+02
7.541428131695265336e+01
8.706814572323622770e+01
1.692427783327091504e+02
8.477989651013723460e+01
1.085257824934827227e+02
1.246864389765932373e+02
8.545284345697022843e+01
7.070423996813399015e+01
6.967220194326654337e+01
8.313460464296731800e+01
7.485682815916707966e+01
1.013824186419243603e+02
5.324432036200386165e+01
8.100783027669815795e+01
1.193103313702855104e+02
6.279092808886890964e+01
5.980253550868439305e+01
7.405813194155409462e+01
1.158639112221696195e+02
1.496282725090159431e+02
1.089827435603389461e+02
7.160281032167182502e+01
6.656751792030645731e+01
7.723403718280015084e+01
1.061549722292642883e+02
1.363172826157390602e+02
1.320588613703252463e+02
7.683358773569061384e+01
7.229019695433053982e+01
7.647352171880274341e+01
1.482422658331117589e+02
1.222519653677903193e+02
1.199815592466824086e+02
6.010075091761606814e+01
5.927369709680752408e+01
6.362769782616641123e+01
9.074629964497869139e+01
1.107578857860415269e+02
8.448483697317495000e+01
1.274623916472156964e+02
7.124002863549051767e+01
8.994890514859783082e+01
1.185931872033439873e+02
5.918060636511596329e+01
1.223183485024217134e+02
1.314860488007399510e+02
8.399559963040177024e+01
5.943198452803706999e+01
1.186424868166218971e+02
7.495267863226102634e+01
1.052820687983780203e+02
1.408777928998166544e+02
5.563376743047437145e+01
7.600780959925671709e+01
1.144281122352551989e+02
1.138160545201029379e+02
9.335589852212619633e+01
1.584589428785823486e+02
1.216301362016809549e+02
6.974759636969240262e+01
1.044130199388135622e+02
1.695313375946678605e+02
1.269740706791396434e+02
6.746541387863932471e+01
7.367976013973729721e+01
8.872870110485685302e+01
9.501109293161829328e+01
1.025316025205892601e+02
8.219270289828749299e+01
1.508293467054115240e+02
6.148150100029000242e+01
1.000790346497415726e+02
7.295331558425951357e+01
6.998849377196356158e+01
8.511984410114169464e+01
1.128897501168776358e+02
9.268682348481802080e+01
8.220787608740796770e+01
8.734311274347811604e+01
1.302264366900372465e+02
5.458539241846994372e+01
7.706873924582635027e+01
9.784474288204292236e+01
7.188895624704187526e+01
7.430977636985836909e+01
7.642433674445996417e+01
6.131400931728350656e+01
7.098391817792170855e+01
1.424899947666854416e+02
8.438938559504956061e+01
1.402786845232932080e+02
6.496868076274606096e+01
6.351843729081997481e+01
6.750141098243945237e+01
1.040682725077046769e+02
8.100354406819556630e+01
7.709846880966226479e+01
7.108476712417045462e+01
7.457534440513032337e+01
7.734846487173824414e+01
7.374425101413875439e+01
1.499818912972066869e+02
6.196820637652885466e+01
9.076714501285519532e+01
7.519714760685661759e+01
1.191951267985441945e+02
9.523010012997892204e+01
1.160339886432420116e+02
1.442882876069799920e+02
1.002479755766987211e+02
8.659579895476099409e+01
8.113832491673227310e+01
1.241766712212038328e+02
7.439815512459105662e+01
7.335118286429514001e+01
7.715054509168511743e+01
1.099115432904574732e+02
1.544275674549936923e+02
7.511474534371917855e+01
1.351733805879911472e+02
6.449502425220308055e+01
7.399393207861388078e+01
8.194665318288433298e+01
